      
    
     
     

. 5019, ’ v.' 122· c. 35:⁴5: ‘⁴ se} · ’ᾖῖ 'in- ὁ.
· ’10”·,358 . “ ‚ 8 263 ¹.- 10 562
ng ’368 ’ g 9 ’260 s . -17 563
13 356 , ’Ἢ »369 xxv} 1 565 VI. ἢ,
< 14 368 (71. ” 1 163 ⁴1 10 567' 3‘
„c 3-‚15 356 · 22 253 ·x'xv1. 1 568 · 1
3 · 17 368 v11. 1 468 xxvu. 1 572- ⁷ Α ⁴
ι 18 364 v111. 1 225 15 594 , Δ ,
ζ 19 368 5 242 xxv111. 1 272 ·
'- ²5 186 20 477 16 273
26 253 23 242 2151121. 1 274
V111. 27 199 1x. 1 159 xxx. 1 317
, 1 246 15 467 xxx1. 1 575
Ix- ’Μ’ 7 Ζβῑθ 17 490 14 577 vu. ’
· 9 250 x. 1 204 25 578
10 246 11 488 48 580
13 249 29 491 xxx11. 1 581
16 250 xx. 1 492 16 583 ν111.
1. 1 251 4 493 28 584
,11. , 12 369 16 495 xxx111. 1 586
‘³ 3⁷6 ξεῖ 53:133 Ξῖ. {22 ff
Κ n ι
Χνῐ. 29 297 xxl. 1 500 52 304
xvn 31 114 9 502 xxx1111.1 590 .
1 327 11111. 1 504 xxxv. 1 254>
3 323 26 506 ’ 9 351 x·
, xvnl. 22 332 x1111. 1 507 xxxvt. 1 574
1 22 10 1
6 365 2 5 2559 13 {J Deuteronom.
19 ‘364 -, ἐ1 10 517 20 512 1. 1 140
20 356 ‘²0 ¹5 3¹9 26 513 6 489
21 150 17 343 39 515 · 9 102
22 356 18 331 xv. 1 299 19 505
2111. 1 “ 19 343 17 166 25 507
3 323, . 21 331 22 287 27 509 ,
&336 XXV· 1 325 30 199 34 515 x1.
4 208 8 326 32 518 37 532
’5 297 ’ ἒ 20 325 37 122 39 515
9 382, 154¹ 23 388 xvz. 1 519, 41 516
11 “37323597 35 374 12 521 11. 1 517
,ἸΖ 312 *r 39 ⁴386 16 522 2 533
13 ¹370f²xxvh ¹ ²08 35 524 9 541Α ΧΠ·
14 *3402 2 323 41 525 · 24 543
15 378 3 402 xvn. 1 527 111. 1 546
16 393 14 408 xvnI. 1 255 3 596
17' 339, xxv11. 1 314 8 250 12 585
v W 26 161 20 264 1111. 1 115
· 27 315 22 255 3 568
30 264 · ’ 23 264 5 116
34 140 25 267 12 209
Δ, Numeri. {J J ἐξ ξς {¹39 ³¹¹¹·
6 342 1. 1 480 14 532 25 421
11. 1 482 23 534 41 586
111. 1 484 xx1. 1 536 v. ' 1 113
5 244 4 537 7 141 x1111.
1111. 1 487 10 537 8 ’205
4 256 21 542 11 311
22 487 33 546 12 320
24 257 xxu. 1 547 16 334
29 487 15 550 1⁷ 339 ‚¹
31 257 5151111. 1 554 18 355 *f'ss27 264
34 487 13 557 19 369 xv·
8 114 ν. 1 169 3 25 559 20 392
ῃ 5 377 xx11115 1 560 21 '395

